80.306282
80.70334
81.100257
81.497036
81.893677
82.290179
82.686545
83.082774
83.478868
83.874827
84.270652
84.666343
85.061901
85.457327
85.852622
86.247785
86.642818
87.037721
87.432495
87.82714
88.221657
88.616046
89.010309
89.404445
89.798455
90.192339
90.586099
90.979734
91.373246
91.766634
92.159898
92.553041
92.946061
93.33896
93.731737
94.124394
94.51693
94.909346
95.301643
95.69382
96.085879
96.477819
96.869641
97.261345
97.652931
98.044401
98.435753
98.826989
99.218109
99.609112
100
100.390772
100.781429
101.17197
101.562396
101.952706
102.342901
102.73298
103.122944
103.512792
103.902525
104.292142
104.681644
105.07103
105.460301
105.849456
106.238496
106.62742
107.016229
107.404922
107.7935
108.181962
108.570309
108.95854
109.346656
109.734656
110.122541
110.51031
110.897964
111.285502
111.672925
112.060232
112.447424
112.8345
113.221461
113.608306
113.995036
114.38165
114.768149
115.154532
115.5408
115.926952
116.312989
116.69891
117.084716
117.470406
117.855981
118.24144
118.626784
119.012012
119.397125
119.782122
120.167004
120.55177
120.936421
121.320956
121.705376
122.08968
122.473869
122.857942
123.2419
123.625742
124.009469
124.39308
124.776576
125.159956
125.543221
125.92637
126.309404
126.692322
127.075125
127.457812
127.840384
128.22284
128.605181
128.987406
129.369516
129.75151
130.133389
130.515152
130.8968
131.278332
131.659749
132.04105
132.422236
132.803306
133.184261
133.5651
133.945824
134.326432
134.706925
135.087302
135.467564
135.84771
136.227741
136.607656
136.987456
137.36714
137.746709
138.126162
138.5055
138.884722
139.263829
139.64282
140.021696
140.400456
140.779101
141.15763
141.536044
141.914342
142.292525
142.670592
143.048544
143.42638
143.804101
144.181706
144.559196
144.93657
145.313829
145.690972
146.068
146.444912
146.821709
147.19839
147.574956
147.951406
148.327741
148.70396
149.080064
149.456052
149.831925
150.207682
150.583324
150.95885
151.334261
151.709556
152.084736
152.4598
152.834749
153.209582
153.5843
153.958902
154.333389
154.70776
155.082016
155.456156
155.830181
156.20409
156.577884
156.951562
157.325125
157.698572
158.071904
158.44512
158.818221
159.191206
159.564076
159.93683
160.309469
160.681992
161.0544
161.426692
161.798869
162.17093
162.542876
162.914706
163.286421
163.65802
164.029504
164.400872
164.772125
165.143262
165.514284
165.88519
166.255981
166.626656
166.997216
167.36766
167.737989
168.108202
168.4783
168.848282
169.218149
169.5879
169.957536
170.327056
170.696461
171.06575
171.434924
171.803982
172.172925
172.541752
172.910464
173.27906
173.647541
174.015906
174.384156
174.75229
175.120309
175.488212
175.856
